0.000000 0.0000000 0.0000000 0.0000000 -0.0000000 -0.0000000 -0.0000000 1.0000000
0.000000 -0.0036448 -0.0080701 0.0152169 -0.0027381 0.0014732 0.0030355 0.9999906
0.000000 -0.0055943 -0.0106327 0.0265355 -0.0033078 0.0033605 0.0022788 0.9999863
0.000000 -0.0042722 -0.0103159 0.0481410 -0.0051332 0.0027678 0.0022763 0.9999804
0.000000 -0.0041905 -0.0099932 0.0830101 -0.0085673 0.0070133 -0.0018805 0.9999369
0.000000 0.0034014 -0.0061863 0.1220599 -0.0048671 0.0096961 0.0016742 0.9999398
0.000000 0.0153206 -0.0022377 0.1469271 -0.0100927 0.0110746 -0.0017622 0.9998862
0.000000 0.0281537 0.0052141 0.1871178 -0.0179213 0.0125751 0.0042832 0.9997512
0.000000 0.0520687 0.0130536 0.2362469 -0.0297104 0.0085771 0.0037833 0.9995146
0.000000 0.0719900 0.0106636 0.2673337 -0.0238538 0.0148523 0.0034234 0.9995993
0.000000 0.0831411 0.0087450 0.3046414 -0.0223532 0.0224772 -0.0033723 0.9994918
0.000000 0.1148797 0.0019087 0.3814139 -0.0175087 0.0302182 0.0025127 0.9993868
0.000000 0.1526392 0.0023291 0.4483277 -0.0125153 0.0264665 0.0028405 0.9995673
0.000000 0.1752451 -0.0041224 0.3999736 0.0024226 0.0162907 0.0014503 0.9998633
0.000000 0.1793355 -0.0145100 0.3735234 0.0136434 0.0008047 0.0112710 0.9998431
