0.000000 0.000000000 0.000000000 0.000000000 -0.000000000 -0.000000000 -0.000000000 1.000000000
0.000000 -0.003644767 -0.008070075 0.015216894 -0.002738090 0.001473223 0.003035546 0.999990582
0.000000 -0.005594288 -0.010632659 0.026535492 -0.003307781 0.003360489 0.002278778 0.999986291
0.000000 -0.004272183 -0.010315914 0.048140965 -0.005133206 0.002767826 0.002276326 0.999980390
0.000000 -0.004190478 -0.009993244 0.083010122 -0.008567342 0.007013336 -0.001880476 0.999936938
0.000000 0.003401369 -0.006186310 0.122059911 -0.004867058 0.009696087 0.001674212 0.999939799
0.000000 0.015320628 -0.002237672 0.146927074 -0.010092668 0.011074606 -0.001762183 0.999886215
0.000000 0.028153703 0.005214081 0.187117815 -0.017921278 0.012575110 0.004283184 0.999751151
0.000000 0.052068677 0.013053617 0.236246884 -0.029710449 0.008577114 0.003783255 0.999514580
0.000000 0.071989998 0.010663618 0.267333746 -0.023853809 0.014852253 0.003423401 0.999599278
0.000000 0.083141059 0.008744970 0.304641396 -0.022353215 0.022477163 -0.003372282 0.999491751
0.000000 0.114879742 0.001908734 0.381413907 -0.017508749 0.030218216 0.002512715 0.999386847
0.000000 0.152639210 0.002329089 0.448327720 -0.012515307 0.026466478 0.002840453 0.999567330
0.000000 0.175245136 -0.004122361 0.399973601 0.002422626 0.016290700 0.001450308 0.999863327
0.000000 0.179335549 -0.014509953 0.373523444 0.013643420 0.000804690 0.011271011 0.999843121
