0.000000 0.000000000 0.000000000 0.000000000 -0.000000000 -0.000000000 -0.000000000 1.000000000
0.000000 -0.005594237 -0.002887390 0.007917702 0.000687654 0.002343753 0.000968111 0.999996543
0.000000 -0.005329823 -0.006746927 0.011601716 -0.000068040 0.001830848 0.003892371 0.999990761
0.000000 -0.003644767 -0.008070074 0.015216894 -0.002738090 0.001473223 0.003035546 0.999990582
0.000000 -0.005594288 -0.010632659 0.026535492 -0.003307781 0.003360489 0.002278778 0.999986291
0.000000 -0.001454894 -0.009104329 0.028876120 -0.003510487 0.002222531 0.004917616 0.999979317
0.000000 0.000113070 -0.006847426 0.041529056 -0.005113963 0.000132014 0.005018642 0.999974370
0.000000 -0.004272183 -0.010315913 0.048140969 -0.005133206 0.002767826 0.002276326 0.999980390
0.000000 -0.001602671 -0.008711576 0.051450755 -0.005623775 0.003577241 0.002145354 0.999975502
0.000000 -0.004628416 -0.012959911 0.064838611 -0.009276775 0.003701079 0.001615412 0.999948800
0.000000 -0.004408594 -0.013953896 0.071879610 -0.009919566 0.005014553 -0.001260319 0.999937475
0.000000 -0.004190478 -0.009993244 0.083010122 -0.008567342 0.007013336 -0.001880476 0.999936938
0.000000 -0.003789560 -0.011026748 0.095403142 -0.008288048 0.007548301 -0.000705201 0.999936938
0.000000 -0.001707362 -0.010634441 0.105038449 -0.006077464 0.008654700 -0.001281139 0.999943256
0.000000 -0.001872722 -0.010983568 0.114604816 -0.003888530 0.011465354 -0.000323542 0.999926746
0.000000 0.003401370 -0.006186310 0.122059911 -0.004867058 0.009696087 0.001674212 0.999939799
0.000000 0.006226050 -0.010708384 0.128315330 -0.009474195 0.009228929 0.000124990 0.999912560
0.000000 0.015320628 -0.002237672 0.146927059 -0.010092668 0.011074606 -0.001762183 0.999886215
0.000000 0.018021151 0.001975804 0.153727308 -0.011706198 0.011561412 0.000266133 0.999864638
0.000000 0.022641258 0.007144132 0.168018565 -0.014791910 0.009470581 0.002892357 0.999841630
0.000000 0.026233526 0.010654657 0.180273041 -0.016436599 0.010690880 0.001659053 0.999806345
0.000000 0.028153703 0.005214080 0.187117815 -0.017921278 0.012575110 0.004283184 0.999751151
0.000000 0.032078560 0.004267531 0.192790166 -0.022777554 0.010206311 0.009615268 0.999642253
0.000000 0.035455551 0.004868032 0.202710643 -0.026596349 0.008527992 0.006060686 0.999591529
0.000000 0.033876061 0.018058386 0.211602926 -0.025225783 0.011492472 0.003658720 0.999608994
0.000000 0.052068681 0.013053617 0.236246899 -0.029710449 0.008577114 0.003783255 0.999514580
0.000000 0.056373097 0.009381115 0.242763117 -0.027458543 0.012721507 0.002542695 0.999538779
0.000000 0.055269487 0.009203593 0.259708047 -0.026140580 0.016250111 0.004462805 0.999516249
0.000000 0.071989998 0.010663620 0.267333746 -0.023853809 0.014852253 0.003423401 0.999599278
0.000000 0.070260674 0.011533375 0.271939248 -0.022560939 0.019379320 0.000483413 0.999557555
0.000000 0.070505910 0.012610500 0.277331442 -0.021985747 0.022484852 -0.001653272 0.999504089
0.000000 0.076547019 0.009022773 0.294204980 -0.022757024 0.022943631 -0.001449117 0.999476731
0.000000 0.083141059 0.008744968 0.304641426 -0.022353215 0.022477163 -0.003372282 0.999491751
0.000000 0.084524997 0.004184954 0.311982304 -0.022597007 0.024065237 -0.003108474 0.999450147
0.000000 0.085878365 0.008734202 0.319378316 -0.021711832 0.024768556 -0.002527463 0.999454200
0.000000 0.091258727 0.006755871 0.329536498 -0.022249708 0.023869039 -0.002067431 0.999465346
0.000000 0.093680136 0.011161169 0.337846458 -0.021866031 0.024205135 -0.003351216 0.999462306
0.000000 0.098435849 0.007581890 0.343116701 -0.023469221 0.024925228 -0.003190415 0.999408782
0.000000 0.099082269 0.004609473 0.354495287 -0.023839911 0.026394490 -0.001497640 0.999366224
0.000000 0.102554590 0.001316057 0.361427903 -0.022952968 0.025624149 -0.000569915 0.999407947
0.000000 0.109748706 0.006598523 0.364850074 -0.020702982 0.026193859 -0.001462180 0.999441504
0.000000 0.109096996 0.006386477 0.373469770 -0.019636421 0.029170547 -0.000278981 0.999381542
0.000000 0.111465067 0.002822000 0.378291160 -0.017923843 0.030231342 0.001099771 0.999381661
0.000000 0.114879742 0.001908734 0.381413877 -0.017508749 0.030218216 0.002512715 0.999386847
0.000000 0.123091415 0.010198763 0.396966487 -0.016664844 0.029652299 0.000394025 0.999421239
0.000000 0.122424848 0.008270443 0.397423357 -0.015894799 0.032437764 -0.002015281 0.999345362
0.000000 0.118223339 0.004428099 0.400527209 -0.015687643 0.035582598 -0.001388237 0.999242663
0.000000 0.122651979 0.008645963 0.407925755 -0.016414540 0.034882031 -0.001652769 0.999255300
0.000000 0.126729101 0.006110127 0.416303575 -0.017073497 0.036011185 -0.002560592 0.999202311
0.000000 0.128083572 0.005107417 0.421200067 -0.015110463 0.038340390 -0.001224606 0.999149740
0.000000 0.124476664 0.012375310 0.425684959 -0.015160816 0.038246654 -0.000200090 0.999153316
0.000000 0.132765338 0.003396247 0.435788721 -0.018076768 0.035540164 -0.000634563 0.999204576
0.000000 0.134742483 0.005071389 0.437916487 -0.015752785 0.036114804 -0.000886792 0.999223113
0.000000 0.135717690 0.004354245 0.442443758 -0.015492891 0.035964016 0.000309602 0.999232948
0.000000 0.135413468 0.004222523 0.444642127 -0.014728809 0.033767257 0.001574757 0.999319971
0.000000 0.141548574 0.004616403 0.442722142 -0.014034064 0.029683569 0.001924310 0.999459028
0.000000 0.146547154 0.005404323 0.442993224 -0.013422408 0.028139276 0.001611828 0.999512613
0.000000 0.152639210 0.002329089 0.448327690 -0.012515307 0.026466478 0.002840453 0.999567330
0.000000 0.157793880 0.009746278 0.453268051 -0.008583006 0.025869098 0.002141908 0.999626219
0.000000 0.159001783 0.008621606 0.446054280 -0.008424041 0.025344575 0.001139638 0.999642670
0.000000 0.161732808 0.005628023 0.444390774 -0.008936942 0.025655342 -0.001424889 0.999629915
0.000000 0.165951908 0.004363916 0.438523114 -0.007003533 0.026640255 -0.003257000 0.999615252
0.000000 0.165678903 0.008624446 0.435474396 -0.005309543 0.028614905 -0.004928567 0.999564290
0.000000 0.166478470 0.006151653 0.433660567 -0.006843276 0.028939474 -0.007246995 0.999531507
0.000000 0.172362313 0.007213541 0.433655083 -0.006486150 0.029160110 -0.012455197 0.999476135
0.000000 0.169325680 0.012143063 0.429723412 -0.006013589 0.032292619 -0.016734255 0.999320328
0.000000 0.170041785 0.006444412 0.431612879 -0.008439999 0.031801183 -0.017486230 0.999305665
0.000000 0.176212743 0.004740672 0.431822240 -0.007484520 0.030534342 -0.017574767 0.999351263
0.000000 0.170343384 0.003837566 0.427987456 -0.005798907 0.030807950 -0.014603671 0.999401867
0.000000 0.166669026 0.002503986 0.422263205 -0.004880223 0.028500084 -0.009990499 0.999531984
0.000000 0.168929979 0.003900157 0.421696097 -0.002887678 0.024133505 -0.004805241 0.999693096
0.000000 0.172774211 0.003193047 0.417121977 -0.001849603 0.021205960 -0.002264829 0.999770880
0.000000 0.173256308 0.003111409 0.412547737 -0.001429207 0.020361241 -0.002179355 0.999789357
0.000000 0.171694621 0.002683695 0.412607759 -0.001582138 0.018770890 -0.001451393 0.999821544
0.000000 0.174530953 -0.000076933 0.407042831 -0.001995339 0.016617300 -0.001471264 0.999858916
0.000000 0.173539832 -0.001381926 0.409389555 -0.001542556 0.016515527 -0.000839975 0.999862075
0.000000 0.173728302 -0.001879707 0.403619289 0.000036911 0.016072866 0.000894474 0.999870479
0.000000 0.175997913 -0.000149588 0.402009398 0.002215226 0.015961479 0.001066684 0.999869645
0.000000 0.175245136 -0.004122361 0.399973601 0.002422626 0.016290700 0.001450308 0.999863327
0.000000 0.177887574 -0.005194927 0.399851352 0.002716849 0.015238667 0.000902973 0.999879777
0.000000 0.173945293 -0.001271367 0.398709387 0.004515851 0.016632531 -0.001721618 0.999850035
0.000000 0.175234228 -0.002358339 0.397153318 0.004833463 0.017535649 -0.004559068 0.999824226
0.000000 0.165666074 -0.002852531 0.393191814 0.004775039 0.019276626 -0.005114012 0.999789715
0.000000 0.170862049 -0.007744962 0.394353598 0.005557102 0.016249955 -0.004008515 0.999844551
0.000000 0.171036795 -0.001251741 0.393968225 0.009421346 0.016411439 -0.006907146 0.999797106
0.000000 0.163437232 0.000620013 0.388941228 0.008926647 0.018270705 -0.008239828 0.999759257
0.000000 0.158814311 -0.004189444 0.391626209 0.007482198 0.016966512 -0.007379571 0.999800861
0.000000 0.163209394 -0.000455771 0.390059918 0.009127839 0.014204896 -0.006105476 0.999838829
0.000000 0.163910985 -0.000231911 0.385493249 0.009321528 0.013307768 -0.006011324 0.999849975
0.000000 0.162714705 0.001121863 0.385572225 0.008465555 0.011932569 -0.007154215 0.999867439
0.000000 0.159889176 0.000013400 0.385534823 0.008340314 0.010892555 -0.006278095 0.999886215
0.000000 0.157204002 -0.004454879 0.381501973 0.008101611 0.008926898 -0.003797016 0.999920189
0.000000 0.159878835 -0.000251438 0.378521144 0.009413739 0.006687212 -0.001309637 0.999932528
0.000000 0.160658523 0.003037116 0.378637820 0.010368792 0.005930171 -0.000371455 0.999928653
0.000000 0.167585641 -0.008839288 0.372668415 0.011185504 0.004050461 0.005818103 0.999912322
0.000000 0.179335549 -0.014509951 0.373523414 0.013643420 0.000804690 0.011271011 0.999843121
0.000000 0.185036689 -0.019072415 0.369443238 0.016754890 -0.000032448 0.012693409 0.999779046
0.000000 0.183175042 -0.022823013 0.366436511 0.019216936 0.000312965 0.014577725 0.999709010
0.000000 0.183357552 -0.022879548 0.363249660 0.019759133 -0.001346007 0.017466495 0.999651313
0.000000 0.187989980 -0.024771681 0.361787200 0.021848669 -0.002335988 0.016744332 0.999618411
0.000000 0.185746387 -0.020770337 0.359601885 0.024462480 0.000556364 0.016910603 0.999557614
0.000000 0.175813258 -0.022669584 0.358952522 0.024826769 0.002569681 0.018483330 0.999517560
0.000000 0.181090906 -0.025431154 0.361348063 0.027208189 0.000453833 0.021085475 0.999407291
0.000000 0.182798192 -0.026566468 0.351978928 0.029755337 0.001006387 0.021622272 0.999322832
0.000000 0.181521133 -0.027784642 0.353399515 0.030093124 0.001845762 0.021089226 0.999322891
0.000000 0.181799710 -0.028876487 0.356697440 0.031317741 0.001777276 0.019627957 0.999315202
0.000000 0.182894781 -0.021591967 0.351696879 0.033979088 0.002243713 0.020421103 0.999211431
0.000000 0.181542814 -0.023567503 0.350636274 0.034900311 0.002535447 0.021348586 0.999159575
0.000000 0.184987441 -0.022482483 0.346484661 0.035260167 0.002050529 0.021090964 0.999153495
0.000000 0.184944615 -0.029333832 0.347912908 0.034375712 0.002772548 0.021535579 0.999173105
0.000000 0.178261310 -0.022527864 0.347523212 0.036183383 0.004035680 0.022410087 0.999085784
