1.000000000 0.000000000 0.000000000 0.000000000 0.000000000 1.000000000 0.000000000 0.000000000 0.000000000 0.000000000 1.000000000 0.000000000
0.999987125 -0.001932992 0.004688821 -0.005594237 0.001939439 0.999997199 -0.001370765 -0.002887390 -0.004686158 0.001379841 0.999988079 0.007917702
0.999962986 -0.007784919 0.003661133 -0.005329823 0.007784421 0.999969661 0.000150332 -0.006746927 -0.003662192 -0.000121826 0.999993265 0.011601716
0.999977231 -0.006079101 0.002929796 -0.003644767 0.006062966 0.999966562 0.005485073 -0.008070074 -0.002963042 -0.005467185 0.999980688 0.015216894
0.999967039 -0.004579725 0.006705810 -0.005594288 0.004535262 0.999967754 0.006630788 -0.010632659 -0.006735961 -0.006600156 0.999955535 0.026535492
0.999941766 -0.009850634 0.004410443 -0.001454894 0.009819426 0.999926984 0.007042689 -0.009104329 -0.004479496 -0.006998971 0.999965489 0.028876120
0.999949574 -0.010038378 0.000212691 0.000113070 0.010035677 0.999897301 0.010228989 -0.006847426 -0.000315351 -0.010226338 0.999947667 0.041529056
0.999974310 -0.004580978 0.005512174 -0.004272183 0.004524147 0.999936938 0.010278813 -0.010315913 -0.005558913 -0.010253611 0.999931991 0.048140969
0.999965191 -0.004330838 0.007130177 -0.001602671 0.004250368 0.999927521 0.011262624 -0.008711576 -0.007178437 -0.011231925 0.999911129 0.051450755
0.999967396 -0.003299327 0.007371807 -0.004628416 0.003161991 0.999822676 0.018564558 -0.012959911 -0.007431751 -0.018540641 0.999800503 0.064838611
0.999946535 0.002420996 0.010053483 -0.004408594 -0.002619965 0.999800026 0.019825252 -0.013953896 -0.010003476 -0.019850532 0.999752939 0.071879610
0.999894559 0.003640543 0.014058009 -0.004190478 -0.003880885 0.999846101 0.017107226 -0.009993244 -0.013993567 -0.017159980 0.999754846 0.083010122
0.999885023 0.001285193 0.015107338 -0.003789560 -0.001535435 0.999861598 0.016564405 -0.011026748 -0.015083960 -0.016585698 0.999748647 0.095403142
0.999846935 0.002456934 0.017323989 -0.001707362 -0.002667329 0.999922872 0.012132063 -0.010634441 -0.017292846 -0.012176414 0.999776304 0.105038449
0.999736905 0.000557870 0.022931544 -0.001872722 -0.000736204 0.999969542 0.007769072 -0.010983568 -0.022926511 -0.007783910 0.999706864 0.114604816
0.999806345 -0.003442605 0.019374710 0.003401370 0.003253839 0.999947011 0.009765997 -0.006186310 -0.019407302 -0.009701063 0.999764621 0.122059911
0.999829650 -0.000424831 0.018453876 0.006226050 0.000075084 0.999820471 0.018949039 -0.010708384 -0.018458614 -0.018944424 0.999650121 0.128315330
0.999748468 0.003300420 0.022182263 0.015320628 -0.003747510 0.999790072 0.020144008 -0.002237672 -0.022111122 -0.020222072 0.999550998 0.146927059
0.999732554 -0.000802874 0.023113465 0.018021151 0.000261513 0.999725759 0.023415381 0.001975804 -0.023125926 -0.023403073 0.999458611 0.153727308
0.999803901 -0.006063974 0.018852597 0.022641258 0.005503623 0.999545693 0.029633919 0.007144132 -0.019023729 -0.029524351 0.999383032 0.168018565
0.999765933 -0.003668907 0.021323081 0.026233526 0.002966020 0.999454200 0.032902304 0.010654657 -0.021432158 -0.032831360 0.999231100 0.180273041
0.999647021 -0.009014960 0.024990441 0.028153703 0.008113513 0.999320984 0.035941362 0.005214080 -0.025297483 -0.035725914 0.999041378 0.187117815
0.999606729 -0.019688606 0.019967293 0.032078560 0.018758707 0.998777449 0.045735084 0.004267531 -0.020843344 -0.045342535 0.998754025 0.192790166
0.999781072 -0.012570049 0.016726634 0.035455551 0.011662795 0.998511791 0.053274341 0.004868032 -0.017371403 -0.053067602 0.998439789 0.202710643
0.999709070 -0.007894393 0.022791369 0.033876061 0.006734767 0.998700559 0.050515935 0.018058386 -0.023160545 -0.050347745 0.998463154 0.211602926
0.999824226 -0.008072497 0.016921096 0.052068681 0.007053177 0.998205960 0.059456952 0.013053617 -0.017370705 -0.059327155 0.998087466 0.236246899
0.999663413 -0.005781671 0.025291642 0.056373097 0.004384416 0.998479128 0.054956451 0.009381115 -0.025570916 -0.054827064 0.998168409 0.242763117
0.999432027 -0.009770867 0.032251179 0.055269487 0.008071718 0.998593509 0.052400909 0.009203593 -0.032717824 -0.052110828 0.998105228 0.259708047
0.999535382 -0.007552624 0.029529279 0.071989998 0.006135493 0.998838544 0.047790188 0.010663620 -0.029855924 -0.047586810 0.998420835 0.267333746
0.999248445 -0.001840829 0.038719680 0.070260674 0.000091967 0.998981535 0.045120653 0.011533375 -0.038763303 -0.045083176 0.998230875 0.271939248
0.998983383 0.002316212 0.045020100 0.070505910 -0.004293597 0.999027789 0.043875344 0.012610500 -0.044874709 -0.044024035 0.998022139 0.277331442
0.998942971 0.001852460 0.045929205 0.076547019 -0.003940975 0.998960018 0.045423735 0.009022773 -0.045797292 -0.045556728 0.997911394 0.294204980
0.998966813 0.005736263 0.045082241 0.083141059 -0.007746011 0.998977900 0.044532113 0.008744968 -0.044780716 -0.044835307 0.997990251 0.304641426
0.998822391 0.005125925 0.048244495 0.084524997 -0.007301134 0.998959422 0.045019552 0.004184954 -0.047963526 -0.045318775 0.997820497 0.311982304
0.998760283 0.003976624 0.049619824 0.085878365 -0.006127708 0.999044418 0.043274760 0.008734202 -0.049400322 -0.043525167 0.997830212 0.319378316
0.998852015 0.003070493 0.047804557 0.091258727 -0.005194810 0.999001324 0.044376928 0.006755871 -0.047620557 -0.044574317 0.997870445 0.329536498
0.998805761 0.005640288 0.048530798 0.093680136 -0.007757369 0.999021292 0.043546315 0.011161169 -0.048237685 -0.043870781 0.997871995 0.337846458
0.998737097 0.005207106 0.049970739 0.098435849 -0.007547010 0.998878062 0.046751648 0.007581890 -0.049671233 -0.047069736 0.997655869 0.343116701
0.998602152 0.001734896 0.052826930 0.099082269 -0.004251866 0.998858809 0.047570545 0.004609473 -0.052684117 -0.047728661 0.997469962 0.354495287
0.998686135 -0.000037146 0.051244117 0.102554590 -0.002315455 0.998945653 0.045849551 0.001316057 -0.051191792 -0.045907963 0.997633100 0.361427903
0.998623490 0.001838146 0.052419003 0.109748706 -0.004007310 0.999138474 0.041306239 0.006598523 -0.052297916 -0.041459437 0.997770548 0.364850074
0.998297989 -0.000587994 0.058315966 0.109096996 -0.001703227 0.999228656 0.039232276 0.006386477 -0.058294054 -0.039264828 0.997527003 0.373469770
0.998169720 -0.003281905 0.060385872 0.111465067 0.001114458 0.999355078 0.035892017 0.002822000 -0.060464721 -0.035759024 0.997529626 0.378291160
0.998161077 -0.006080515 0.060311388 0.114879742 0.003964182 0.999374270 0.035147883 0.001908734 -0.060487363 -0.034844168 0.997560620 0.381413877
0.998241186 -0.001775896 0.059257142 0.123091415 -0.000200708 0.999444246 0.033333767 0.010198763 -0.059283406 -0.033287030 0.997686028 0.396966487
0.997887433 0.002996740 0.064897127 0.122424848 -0.005059107 0.999486566 0.031638045 0.008270443 -0.064768992 -0.031899530 0.997390270 0.397423357
0.997463882 0.001657957 0.071154855 0.118223339 -0.003890785 0.999503970 0.031252731 0.004428099 -0.071067743 -0.031450320 0.996975541 0.400527209
0.997561038 0.002157931 0.069766372 0.122651979 -0.004448221 0.999455690 0.032689326 0.008645963 -0.069657847 -0.032919936 0.997027636 0.407925755
0.997393250 0.003887424 0.072052360 0.126729101 -0.006346771 0.999403894 0.033935335 0.006110127 -0.071877480 -0.034304176 0.996823370 0.416303575
0.997057021 0.001288447 0.076652586 0.128083572 -0.003605811 0.999540329 0.030101327 0.005107417 -0.076578572 -0.030289134 0.996603370 0.421200067
0.997074306 -0.000759860 0.076434605 0.124476664 -0.001559542 0.999540210 0.030280653 0.012375310 -0.076422475 -0.030311264 0.996614695 0.425684959
0.997473001 -0.000016786 0.071046725 0.132765338 -0.002553019 0.999345660 0.036079671 0.003396247 -0.071000844 -0.036169883 0.996820271 0.435788721
0.997389853 0.000634388 0.072201431 0.134742483 -0.002910024 0.999502122 0.031417042 0.005071389 -0.072145551 -0.031545147 0.996895134 0.437916487
0.997412980 -0.001733102 0.071863264 0.135717690 -0.000495645 0.999519765 0.030984284 0.004354245 -0.071882457 -0.030939745 0.996933103 0.442443758
0.997714579 -0.004142076 0.067442201 0.135413468 0.002152670 0.999561191 0.029543934 0.004222523 -0.067534976 -0.029331235 0.997285664 0.444642127
0.998230338 -0.004679699 0.059281010 0.141548574 0.003013375 0.999598682 0.028167184 0.004616403 -0.059389036 -0.027938701 0.997843862 0.442722142
0.998411179 -0.003977479 0.056207854 0.146547154 0.002466692 0.999634504 0.026922444 0.005404323 -0.056294393 -0.026741022 0.998056054 0.442993224
0.998582900 -0.006340921 0.052838955 0.152639210 0.005015977 0.999670625 0.025170138 0.002329089 -0.052981149 -0.024869433 0.998285770 0.448327690
0.998652399 -0.004726284 0.051682089 0.157793880 0.003838146 0.999843478 0.017270414 0.009746278 -0.051755626 -0.017048778 0.998514235 0.453268051
0.998712718 -0.002705469 0.050651837 0.159001783 0.001851454 0.999855459 0.016899830 0.008621606 -0.050690237 -0.016784294 0.998573363 0.446054280
0.998679519 0.002390163 0.051317167 0.161732808 -0.003307284 0.999836206 0.017794156 0.005628023 -0.051266227 -0.017940382 0.998523891 0.444390774
0.998559356 0.006138342 0.053305630 0.165951908 -0.006884645 0.999880672 0.013828142 0.004363916 -0.053214390 -0.014175210 0.998482466 0.438523114
0.998313785 0.009548975 0.057257209 0.165678903 -0.010156704 0.999895036 0.010332397 0.008624446 -0.057152536 -0.010896520 0.998305976 0.435474396
0.998219967 0.014091119 0.057951018 0.166478470 -0.014883282 0.999801278 0.013260692 0.006151653 -0.057752647 -0.014099589 0.998231351 0.433660567
0.997989118 0.024519071 0.058451243 0.172362313 -0.025275618 0.999605596 0.012239115 0.007213541 -0.058128096 -0.013691895 0.998215258 0.433655083
0.997354329 0.033057377 0.064742602 0.169325680 -0.033834152 0.999367595 0.010938217 0.012143063 -0.064340077 -0.013099789 0.997842073 0.429723412
0.997365832 0.034411374 0.063853376 0.170041785 -0.035484981 0.999246001 0.015756113 0.006444412 -0.063263036 -0.017980443 0.997834921 0.431612879
0.997517586 0.034669660 0.061292142 0.176212743 -0.035583802 0.999270201 0.013886061 0.004740672 -0.060765989 -0.016032597 0.998023272 0.431822240
0.997675180 0.028832566 0.061748415 0.170343384 -0.029547177 0.999506235 0.010691058 0.003837566 -0.061409675 -0.012490695 0.998034477 0.427987456
0.998175859 0.019693473 0.057071004 0.166669026 -0.020249819 0.999752760 0.009186418 0.002503986 -0.056875978 -0.010325338 0.998327851 0.422263205
0.998788953 0.009468153 0.048279952 0.168929979 -0.009746913 0.999937117 0.005541648 0.003900157 -0.048224445 -0.006005518 0.998818457 0.421696097
0.999090374 0.004450175 0.042410579 0.172774211 -0.004607065 0.999982893 0.003602303 0.003193047 -0.042393822 -0.003794414 0.999093771 0.417121977
0.999161363 0.004299591 0.040720131 0.173256308 -0.004415992 0.999986410 0.002769063 0.003111409 -0.040707674 -0.002946561 0.999166727 0.412547737
0.999291122 0.002842872 0.037539676 0.171694621 -0.002961664 0.999990761 0.003109223 0.002683695 -0.037530489 -0.003218199 0.999290287 0.412607759
0.999443412 0.002875798 0.033235781 0.174530953 -0.003008427 0.999987721 0.003941218 -0.000076933 -0.033224039 -0.004039012 0.999439776 0.407042831
0.999453068 0.001628767 0.033029091 0.173539832 -0.001730672 0.999993801 0.003056942 -0.001381926 -0.033023905 -0.003112432 0.999449730 0.409389555
0.999481738 -0.001787530 0.032141633 0.173728302 0.001789904 0.999998391 -0.000045058 -0.001879707 -0.032141499 0.000102565 0.999483347 0.403619289
0.999488175 -0.002062373 0.031923525 0.175997913 0.002203806 0.999987900 -0.004395824 -0.000149588 -0.031914070 0.004463927 0.999480665 0.402009398
0.999465048 -0.002821288 0.032583974 0.175245136 0.002979153 0.999984026 -0.004797336 -0.004122361 -0.032569923 0.004891842 0.999457479 0.399973601
0.999533951 -0.001722927 0.030478576 0.177887574 0.001888532 0.999983609 -0.005405525 -0.005194927 -0.030468764 0.005460565 0.999520779 0.399851352
0.999440789 0.003592940 0.033244524 0.173945293 -0.003292500 0.999953270 -0.009087618 -0.001271367 -0.033275623 0.008973078 0.999405921 0.398709387
0.999343455 0.009286048 0.035021059 0.175234228 -0.008947017 0.999911726 -0.009825119 -0.002358339 -0.035109207 0.009505334 0.999338269 0.397153318
0.999204516 0.010409968 0.038496308 0.165666074 -0.010041781 0.999902070 -0.009745232 -0.002852531 -0.038593985 0.009350908 0.999211192 0.393191814
0.999439716 0.008196388 0.032450307 0.170862049 -0.007835179 0.999906123 -0.011242752 -0.007744962 -0.032539409 0.010982200 0.999410093 0.394353598
0.999365926 0.014120725 0.032686066 0.171036795 -0.013502254 0.999727070 -0.019065581 -0.001251741 -0.032946367 0.018612158 0.999283791 0.393968225
0.999196589 0.016801881 0.036385506 0.163437232 -0.016149497 0.999704838 -0.018150089 0.000620013 -0.036679722 0.017547900 0.999172986 0.388941228
0.999315381 0.015010097 0.033815835 0.158814311 -0.014502310 0.999779105 -0.015211826 -0.004189444 -0.034036700 0.014711004 0.999312282 0.391626209
0.999521911 0.012468304 0.028293755 0.163209394 -0.011949663 0.999758840 -0.018426191 -0.000455771 -0.028516673 0.018079281 0.999429822 0.390059918
0.999573529 0.012268943 0.026499473 0.163910985 -0.011772747 0.999753952 -0.018800253 -0.000231911 -0.026723612 0.018480266 0.999472022 0.385493249
0.999612868 0.014508565 0.023740845 0.162714705 -0.014104501 0.999754310 -0.017099602 0.001121863 -0.023983104 0.016758131 0.999571919 0.385572225
0.999683857 0.012736456 0.021677908 0.159889176 -0.012373067 0.999782026 -0.016815498 0.000013400 -0.021887355 0.016541962 0.999623597 0.385534823
0.999811769 0.007738070 0.017790848 0.157204002 -0.007448780 0.999839902 -0.016269721 -0.004454879 -0.017913895 0.016134139 0.999709368 0.381501973
0.999907136 0.002745000 0.013348865 0.159878835 -0.002493193 0.999819338 -0.018843723 -0.000251438 -0.013398179 0.018808691 0.999733329 0.378521144
0.999929368 0.000865835 0.011851792 0.160658523 -0.000619880 0.999784708 -0.020740511 0.003037116 -0.011867198 0.020731701 0.999714613 0.378637820
0.999899507 -0.011544573 0.008230369 0.167585641 0.011725799 0.999682069 -0.022321915 -0.008839288 -0.007970055 0.022416180 0.999716938 0.372668415
0.999744654 -0.022516528 0.001916677 0.179335549 0.022560442 0.999373615 -0.027264422 -0.014509951 -0.001301577 0.027300699 0.999626398 0.373523414
0.999677777 -0.025382297 0.000360471 0.185036689 0.025380122 0.999116302 -0.033503197 -0.019072415 0.000490236 0.033501551 0.999438524 0.369443238
0.999574780 -0.029134937 0.001186026 0.183175042 0.029158995 0.998836398 -0.038413566 -0.022823013 -0.000065469 0.038431812 0.999261200 0.366436511
0.999386191 -0.034974001 -0.002000829 0.183357552 0.034867615 0.998609006 -0.039551508 -0.022879548 0.003381321 0.039457466 0.999215543 0.363249660
0.999428332 -0.033577964 -0.003938511 0.187989980 0.033373810 0.998484552 -0.043758892 -0.024771681 0.005401877 0.043602437 0.999034345 0.361787200
0.999427438 -0.033779025 0.001939587 0.185746387 0.033833466 0.998231232 -0.048884500 -0.020770337 -0.000284886 0.048922133 0.998802543 0.359601885
0.999303520 -0.036821231 0.006054645 0.175813258 0.037076421 0.998084009 -0.049534593 -0.022669584 -0.004219120 0.049724575 0.998754084 0.358952522
0.999110401 -0.042121258 0.002054523 0.181090906 0.042170648 0.997630239 -0.054364987 -0.025431154 0.000240267 0.054403260 0.998519003 0.361348063
0.999062955 -0.043155368 0.003298167 0.182798192 0.043275151 0.997294188 -0.059426852 -0.026566468 -0.000724655 0.059513897 0.998227239 0.351978928
0.999103665 -0.042038806 0.004958305 0.181521133 0.042260982 0.997299314 -0.060067646 -0.027784642 -0.002419742 0.060223348 0.998181999 0.353399515
0.999223173 -0.039117713 0.004781525 0.181799710 0.039340351 0.997267902 -0.062522821 -0.028876487 -0.002322712 0.062662356 0.998032093 0.356697440
0.999155879 -0.040657520 0.005871668 0.182894781 0.040962480 0.996856809 -0.067812949 -0.021591967 -0.003096106 0.067996219 0.997680783 0.351696879
0.999075592 -0.042484313 0.006556777 0.181542814 0.042838268 0.996652424 -0.069633700 -0.023567503 -0.003576488 0.069850214 0.997551084 0.350636274
0.999101937 -0.042001616 0.005584928 0.184987441 0.042290825 0.996623755 -0.070374146 -0.022482483 -0.002610245 0.070547134 0.997505009 0.346484661
0.999057055 -0.042844929 0.007021113 0.184944615 0.043226160 0.996709049 -0.068575159 -0.029333832 -0.004059909 0.068813995 0.997621238 0.347912908
0.998962998 -0.044487152 0.009685726 0.178261310 0.045071248 0.996377110 -0.072119728 -0.022527864 -0.006442235 0.072481483 0.997348964 0.347523212
